30.9287
30.6937
30.2798
29.9396
30.7639
30.1424
29.9676
30.9262
30.7796
30.3395
29.9804
30.7804
30.5468
29.8713
30.2181
30.9784
31.791
29.8826
30.449
29.5775
31.0787
29.9353
29.563
29.9692
30.4415
29.8258
29.7626
31.2745
29.998
30.2359
30.5742
30.2186
30.5329
30.1769
31.431
30.936
30.7913
30.3275
30.4032
31.7601
29.5945
29.824
30.5964
30.8758
30.3329
30.6803
30.7512
30.9475
29.4446
29.9541
32.2685
29.4272
30.9846
30.5241
30.783
30.3578
30.0789
29.7851
31.7511
30.2736
32.0556
29.804
29.3259
29.8484
30.0626
30.8229
29.6936
30.9046
30.9034
30.3219
30.6931
29.9488
29.7372
30.6705
29.9022
29.7302
30.8298
29.9527
30.7597
31.3484
30.5353
29.8453
29.5075
30.3182
30.815
30.6719
30.7232
30.9111
31.639
30.2995
30.7471
30.6202
31.3576
30.6858
29.7994
30.8763
29.9527
30.5563
29.54
30.7659
30.2659
30.4515
31.0708
30.9239
29.7017
30.1147
30.6329
29.8705
30.3547
29.7755
30.8145
29.8188
29.7669
30.568
29.5856
30.1323
30.0409
30.4301
30.7021
29.2834
30.051
30.6721
29.7813
31.202
29.5473
31.0045
30.9274
30.5095
31.0533
30.7166
29.8267
30.9216
30.3271
30.6835
29.7006
30.3003
30.7517
30.6663
30.1332
29.6476
30.7268
29.8144
29.9612
30.769
30.9708
30.0324
30.0843
31.2001
30.1091
29.8804
29.1116
29.8335
30.9974
30.231
30.0338
30.7475
30.4329
31.3969
30.5807
29.8821
30.2221
30.0025
30.357
30.3553
30.1596
30.6106
30.2928
31.0716
29.8061
30.5426
30.8267
30.5026
29.7171
30.3783
30.0978
30.1728
30.1791
30.0661
30.8758
30.0248
30.0637
30.5794
29.9957
30.3655
30.7463
30.6484
30.0421
31.2603
31.5158
30.537
30.2869
29.7156
30.9336
30.1208
31.1004
29.9146
30.4991
30.0701
29.9142
30.7054
30.5289
30.6461
29.7237
30.4761
30.475
28.7004
31.4035
30.8805
30.0789
30.5759
29.5841
30.1502
29.9282
30.5111
31.0211
30.4303
30.2607
29.9033
30.8905
29.8543
29.8735
32.1158
30.6136
30.3575
30.3235
30.0715
29.6689
29.6695
29.913
30.3862
31.3596
30.6972
30.5862
31.1759
29.9365
29.5804
30.1287
30.2676
29.9637
30.3647
31.3724
30.6867
30.4931
30.2081
29.516
29.9613
30.3285
29.7902
30.5043
30.3543
32.241
29.6635
29.9222
30.6856
31.4235
30.6237
30.5272
29.4712
30.9646
30.8802
29.8958
30.473
30.4618
29.5571
30.1232
30.458
30.2276
29.7326
29.9392
30.4221
30.1524
30.1959
30.2811
30.2696
30.6257
30.7133
30.4301
29.8323
30.9534
29.7517
31.3358
29.5991
29.8241
30.3776
29.9699
30.2242
30.382
30.788
31.2929
30.0924
31.2447
30.7559
30.1067
30.4485
29.9275
30.2264
30.8286
30.8959
30.3979
30.9061
29.6544
30.8404
30.5793
30.0999
30.4819
30.5229
30.1659
30.3878
30.8354
30.0674
30.3258
30.3038
30.0202
29.2375
30.3303
30.3355
30.1115
29.5579
29.335
29.8082
30.7943
30.0657
30.1051
30.4121
30.36
29.7891
29.888
31.2155
30.1215
30.3067
29.6906
31.0378
30.5555
30.7023
30.2881
30.5647
30.4287
31.3032
29.9267
30.6713
29.4662
30.7234
30.5536
29.8949
29.3461
30.4153
30.2094
30.605
30.8203
30.5497
30.8294
29.7522
29.8784
30.1952
29.1077
30.1074
30.5894
30.034
30.5216
30.7595
30.2577
29.3718
30.7893
30.4287
30.1973
30.6582
29.726
30.9137
30.2417
30.3849
30.8412
31.2141
29.9568
29.8199
29.9997
30.1595
30.639
30.4852
30.4154
30.0258
31.0303
31.1717
30.4856
30.1195
29.8997
31.0637
29.2565
30.4424
29.8468
30.12
30.2979
29.0922
30.2055
31.2865
30.2913
31.0228
29.5004
31.3617
32.0857
29.9449
31.109
29.7919
30.5479
30.4371
29.6714
30.8704
31.4211
29.8011
30.9299
30.4948
31.1927
30.216
30.1744
31.1745
29.6936
29.3652
30.4907
30.4124
29.9308
31.023
30.4102
30.5675
29.9953
30.1656
30.1047
30.8924
30.6333
31.3879
31.2058
30.4964
30.0249
29.5695
30.8667
30.509
29.7292
30.8158
30.5131
30.6434
30.9987
30.9326
30.9532
30.2984
29.4907
30.6607
30.7723
30.3562
29.5686
29.7875
30.7331
29.6657
30.0381
30.3247
30.4534
30.1864
30.9118
30.3152
31.1112
30.3841
31.3982
30.2957
30.1223
29.4986
30.2239
30.353
30.1518
29.7184
30.9203
30.3837
30.1706
30.2085
31.1932
29.4155
29.8912
30.0469
30.1598
30.0069
31.2241
29.6192
30.0771
30.011
31.2883
30.2848
30.5644
30.5206
30.9966
30.209
30.3539
30.1257
30.3189
30.4583
29.7873
29.8966
30.2876
30.8272
30.4428
30.5829
30.2427
31.479
29.6875
30.6609
31.0835
30.3119
30.3743
30.1295
29.5011
30.223
29.6328
29.7038
30.202
30.2933
29.9912
30.2425
30.039
29.8618
29.8027
30.5512
29.7338
29.5967
30.8308
30.0844
29.402
30.2857
30.3209
30.5267
30.2183
31.2662
30.8242
29.4385
30.0249
29.725
30.4179
30.4528
29.952
30.1926
29.5365
30.5223
30.2062
30.6756
30.3414
29.9983
30.5961
31.1859
29.908
30.9245
30.9947
30.3289
30.2234
30.5336
31.659
30.4439
29.9174
29.6928
29.7609
29.5889
31.0994
30.4119
29.8161
30.1024
30.1945
29.9804
31.2241
29.5161
31.0667
30.5502
29.9093
29.5893
30.1566
29.6712
30.6662
31.003
29.9818
30.5513
30.528
29.8418
30.2734
31.2655
29.9955
30.5009
30.0969
32.1053
30.6697
30.6815
30.319
30.5902
30.5221
29.6215
30.1762
30.2152
29.5284
31.0846
29.6828
29.879
29.8937
31.3615
29.5368
30.2245
29.4805
30.4285
29.8305
30.6498
30.3019
30.6311
30.7249
31.1751
29.5602
30.085
30.225
30.1174
30.0599
30.4049
30.8542
30.3725
29.8802
31.1583
29.6014
29.8963
30.3457
31.326
30.4579
30.1924
30.5101
30.4281
29.5736
29.8362
29.856
29.8992
31.1495
30.5716
31.1713
30.0422
30.3675
30.7375
29.9602
29.0076
29.6382
30.297
29.235
29.6415
30.2139
30.612
30.8138
30.3048
29.0246
29.4649
30.845
29.3041
30.0351
30.5127
30.3431
30.672
29.9643
29.4937
30.4342
31.0288
31.0064
29.8777
29.5611
30.9173
30.2343
29.3584
30.8873
31.0858
30.3172
29.6791
29.9641
30.6184
30.3023
30.2851
30.4102
30.435
30.3911
30.5994
30.1424
30.1384
30.1593
29.9614
31.0993
29.8604
31.0914
29.8087
30.8721
29.9762
30.7297
30.5146
30.2562
31.7465
30.8292
30.2516
30.6294
29.3187
31.8015
30.2646
30.0392
29.9313
30.6624
30.5859
30.0778
30.8386
30.0159
29.9673
29.7385
30.4243
30.6311
30.7318
30.7642
30.1569
29.3176
31.0545
30.0086
29.9775
29.427
30.5816
30.9571
30.3571
30.177
30.3705
30.1589
30.007
30.4512
30.7554
30.5908
30.0232
30.0917
30.2876
29.7059
30.0513
31.2438
30.6245
30.1304
30.7583
30.3342
30.6743
30.2312
30.7086
29.7903
30.7481
31.1367
30.5441
30.2729
30.9357
30.347
31.4128
30.9961
30.0507
31.0669
30.394
29.6903
31.3083
30.3413
30.415
29.5062
28.8834
29.0614
30.5239
30.5211
31.4416
30.8805
30.9815
29.0255
30.2232
29.6957
32.3988
30.111
30.1011
30.3035
29.5249
29.808
30.4679
30.2229
31.5819
29.4795
30.419
31.1835
29.8716
30.5104
29.4573
31.1626
31.0143
29.9439
30.8082
29.905
30.0283
30.0506
30.0286
30.8877
29.8921
30.21
30.5259
30.1585
30.8693
30.4113
30.0253
29.224
30.021
29.1202
29.9574
30.261
30.0034
30.0033
31.4716
30.1108
30.7679
30.7513
30.0259
29.977
30.7986
29.6662
30.42
29.6583
30.1718
29.7314
30.4644
29.7039
30.708
30.3246
30.3072
31.1803
29.5197
30.4142
31.0286
30.7766
30.1895
29.6119
29.6911
29.7951
31.1414
30.9772
30.2771
30.5177
31.0249
30.1434
30.458
30.543
29.3189
30.1186
30.5327
31.1855
30.3984
30.0622
30.4988
31.698
30.6277
29.3841
29.9494
29.4488
29.6676
30.8218
29.5045
29.907
29.3982
30.1519
30.219
29.7827
31.1033
30.3321
29.2384
30.2174
30.4472
31.3931
28.9724
29.5319
30.0074
30.2119
30.3788
30.2066
30.4703
29.1796
30.3442
29.6531
29.4515
30.1261
30.6886
29.4892
30.5602
30.867
29.5475
30.6475
30.1415
30.3932
29.9696
30.4612
30.3061
30.3741
30.4264
30.1957
30.3496
30.6364
30.7142
31.3172
29.7433
30.1078
29.2272
29.0461
31.188
30.132
29.9558
29.354
30.5515
31.1231
29.417
30.0574
31.2886
29.9728
30.2263
31.2156
29.9146
30.3417
30.3337
30.3184
30.095
30.1568
30.3385
30.4195
30.6968
29.9537
30.797
30.1502
30.5149
30.3626
30.4475
29.382
29.8421
30.3809
29.7174
29.2681
30.6578
30.6135
29.8301
31.6624
29.2916
29.6121
29.3143
30.9135
30.3217
30.4927
30.9064
30.6652
30.5453
29.9045
31.1339
30.4226
30.4845
30.8697
30.6382
30.038
29.9797
29.7453
30.3375
29.9691
29.4874
30.4583
29.9832
30.0718
29.5856
29.7713
31.0996
30.1103
30.6471
29.9534
30.507
30.7065
31.1102
30.7716
30.7912
30.1483
31.2768
31.473
30.6088
29.4716
30.4296
29.681
30.4098
30.7608
29.4359
31.2062
29.3602
30.619
29.9
29.0678
29.9964
30.5402
29.823
29.7757
30.3305
29.4601
31.1075
30.3685
30.3222
30.1588
29.8343
29.2753
30.84
30.5335
30.626
30.3559
29.8053
28.6329
30.3493
29.8988
29.9573
