29.4716 1004.25
29.8251 997.47
30.1691 993.365
29.4977 997.142
30.5048 995.999
29.9634 997.397
29.9985 997.37
30.2633 1002.75
29.8062 1008.07
29.6517 992.308
29.6498 1004.37
29.4867 996.752
29.9557 1001.02
30.4943 1003.38
30.1968 1004.86
29.4416 995.74
29.9403 1002.57
29.2214 999.06
30.345 998.532
29.4098 1002.04
29.2131 1000.92
29.6901 998.708
30.3252 993.881
29.3003 999.536
29.8219 996.209
30.381 1000.96
29.803 997.436
30.0884 1006.67
30.142 1006.37
29.6339 1001.05
29.7573 996.581
29.9178 994.822
29.3284 1009.63
30.0493 998.656
29.6955 1004.25
30.7741 997.923
30.5007 997.394
29.6183 997.916
30.2233 988.404
29.5584 997.805
30.1648 998.593
30.1185 996.14
30.4762 1000.74
30.3002 999.343
28.9369 998.002
29.6795 1002.06
30.1348 994.577
30.3936 996.913
29.4964 1002.52
30.4133 998.58
30.278 998.098
30.4865 998.51
29.4326 998.963
30.7986 996.019
29.9327 998.29
29.6888 1005.78
29.8321 1002
30.5403 999.452
30.0617 994.106
29.7483 995.078
30.2228 1001.92
31.0145 993.025
30.4964 994.815
30.3062 1003.09
29.4847 1003
29.6158 998.16
29.4658 1000.83
29.7628 1003.72
29.3862 996.605
29.8501 999.425
30.1381 1006.35
30.4867 997.914
30.2399 1000.61
30.4858 1003.35
29.4311 1006.51
30.1329 999.999
29.6101 994.587
30.5396 999.892
29.2978 999.575
29.8778 995.012
30.7485 989.761
29.9837 993.551
30.3184 1003.43
29.5241 1008.61
30.1859 1001.8
29.8111 997.272
30.4129 1000.44
29.4642 991.741
29.9232 999.066
30.4071 1002.14
29.3544 999.22
29.3591 999.033
30.1285 999.373
30.6416 1004.24
29.9889 1003.34
29.7292 1002.43
29.4795 1003.89
29.9673 996.92
29.1078 987.577
30.0203 1001.25
29.5396 1004.07
29.8223 998.148
29.7996 999.836
30.8182 1000.97
29.634 1000.7
29.881 1000.89
30.0258 1002.05
30.2009 1002.22
30.1197 994.054
30.0304 998.007
30.5497 1002.21
29.7972 1000.54
29.9993 993.561
30.4013 1005.63
29.9161 1003.36
29.0457 998.535
30.1812 999.685
29.6183 995.711
29.7187 999.101
30.245 1005.9
29.8981 997.326
29.7486 1007.59
29.7733 996.054
29.796 994.915
30.4111 1005.08
30.2581 1001.85
30.0784 997.204
31.0502 1001.69
30.0313 995.234
29.5038 994.843
29.6649 997.979
29.8787 1006.35
30.2593 997.656
29.7014 994.262
30.6072 1002.02
29.5024 1000.77
30.0941 1001.68
30.6354 998.229
29.3643 1005.38
30.5106 992.19
29.5323 997.93
30.1254 999.095
29.9846 1006.61
29.8766 995.727
29.5627 991.825
30.0761 993.09
30.0674 999.908
29.5386 1002.1
30.5081 997.993
30.3508 1002.27
30.2274 996.83
30.1093 995.846
29.8731 996.246
30.6039 999.058
29.439 1001.6
30.9018 1000.84
29.2913 1003.78
29.4647 1002.14
29.8227 995.828
29.5832 998.26
30.3392 1002.45
29.4601 999.199
29.9652 993.251
29.7243 1000.09
30.0406 1003.76
30.3027 997.174
29.7278 996.858
30.8669 1004.99
30.0583 1000.91
29.6012 1002.02
29.4185 1001.24
29.2869 1003.76
30.5657 996.865
30.242 1005.75
30.3028 998.706
30.5168 998.083
28.937 1002.4
30.3677 1002.38
29.3314 991.395
29.8171 993.186
29.0215 997.547
29.4929 1003.78
29.9147 1001.86
29.7636 998.295
30.2813 999.437
29.6185 999.409
29.4145 998.096
30.481 999.78
30.72 997.837
29.5778 1003.53
29.5318 1003.7
30.6725 1007.49
30.0454 995.395
30.79 995.495
29.3809 1002.06
30.0423 999.858
30.0222 999.619
30.0658 1004.82
29.8985 989.903
29.7202 996.326
29.4704 999.189
30.2067 1001
30.4965 1000.14
30.397 999.472
29.3123 996.396
30.3401 997.928
30.2678 993.326
29.6874 1000.19
30.2065 999.275
30.1738 1000.46
30.0588 1000.17
30.2739 995.171
29.5361 1001.04
31.0798 999.824
29.6924 1001.56
30.0762 1005.34
30.2843 1007.35
29.6931 995.471
29.3002 1002.02
29.7607 1002.69
30.4728 1000.44
29.6585 1002.47
30.2524 993.405
29.9076 1001.71
29.5828 1000.22
30.2594 1004.75
29.8439 998.722
29.7361 998.609
29.9476 1000.95
30.5687 1003.87
30.1158 1004.45
30.1891 998.956
29.5226 1006.43
29.8759 997.798
30.5303 1000.17
29.9251 995.585
30.0872 1002.38
30.34 997.978
30.0571 997.71
29.2673 996.604
30.5777 996.991
30.1142 997.666
30.5612 1000.96
30.2072 998.25
29.5268 993.675
29.8858 995.44
29.5041 1000.52
29.6532 998.394
30.5429 990.238
30.8777 998.572
30.0104 1002.82
31.1007 998.118
30.0667 1000.67
30.1328 1001.32
29.6788 1002.41
29.7506 1003.64
29.2424 994.863
29.8294 1001.44
30.0616 1008.45
30.3648 996.272
30.5912 1001.66
30.4627 999.338
30.5303 1000.3
31.0333 998.928
30.1531 999.827
29.8993 1000.81
31.0577 999.851
29.8436 1008.59
29.8971 997.188
30.0968 1003.63
30.2115 1001.54
29.0414 1005.3
29.9798 1001.74
30.5772 1003.08
30.2504 1001.76
29.8033 996.679
29.8799 998.578
30.0578 1005.27
30.103 1004.12
30.1137 1000.81
29.9782 996.643
30.0926 997.844
30.2783 997.299
29.9952 1002.34
30.012 1003.35
30.4038 996.87
29.0114 1000.56
30.4643 998.796
30.1898 995.133
30.0629 1006.42
30.5487 1007.33
29.4318 998.032
30.1894 1010.4
30.8583 999.77
29.5637 993.856
29.6884 997.236
29.8544 994.147
30.3888 997.385
29.6742 1005.33
30.2258 999.985
30.7846 1004.79
29.6694 999.664
29.8385 1002.5
30.1323 1013.31
30.4718 1000.99
30.3596 999.972
30.2182 1000.82
30.2381 1001.28
30.0635 999.635
29.7091 999.548
30.6442 1001.87
29.5484 1003.31
29.5632 1003.54
28.9655 1001.43
29.7641 992.762
29.8116 999.016
29.8199 999.847
30.1209 995.238
29.8324 993.291
30.2333 997.167
30.4957 1000.3
29.6779 995.753
29.8226 1001.73
29.6695 1001.4
29.8141 999.931
30.0817 1005.31
30.0316 998.919
30.0477 994.702
30.1698 995.981
30.3191 1006.93
30.7497 995.009
29.9387 997.716
30.5172 1000.78
29.6084 1005.05
30.4061 1005.42
29.7165 998.433
29.4055 996.329
29.153 1001.67
29.7001 997.937
29.8304 1000.12
30.1641 997.004
29.7604 1001.26
29.362 999.367
30.026 1003.66
30.2141 1000.75
30.3084 999.686
30.3193 999.215
30.1382 995.403
30.2588 997.513
30.0746 1005.92
30.3491 1001.81
31.0262 1001.27
30.0421 994.32
29.9059 996.491
29.7216 1000.78
30.1771 1000.44
29.8661 1005.53
29.7461 995.394
30.5754 1002.88
29.9176 1001.18
28.8215 1002.23
29.5821 994.503
30.0842 1009.67
29.9935 997.831
30.1417 1006.82
29.4321 998.87
30.6578 1008.78
29.9683 999.842
30.9081 998.479
28.5273 1006.76
30.3356 998.903
29.6583 999.956
30.435 1001.88
29.6277 1000.21
29.5295 1000.08
30.0438 996.131
30.2399 1000.19
31.0832 999.743
29.7458 1001.35
30.0395 1005.32
29.7408 996.473
30.1634 1013.44
29.3756 1002.11
28.7457 996.628
29.9805 1001.07
30.0162 996.332
30.1435 1002.26
29.7132 1004.12
29.8336 998.526
30.6065 994.829
30.6053 998.578
29.544 1003.77
30.0146 996.649
29.7267 998.044
30.6697 990.661
30.6592 1004.64
30.1794 996.146
30.1491 996.949
30.8962 994.878
29.8703 1001.91
30.4263 998.536
30.5359 994.578
29.8861 1007.51
30.1351 998.478
30.4914 1000.85
30.0041 997.005
30.2706 995.239
30.2824 993.342
29.9437 998.352
29.9829 1002.79
30.5587 999.038
30.841 1005
30.0047 998.914
29.6785 1001.08
29.9217 997.236
29.7061 996.406
29.5738 1000.58
30.1644 1003.65
29.951 1000.05
30.2215 1000.84
28.9793 1003.76
29.8041 1003.65
30.4114 994.298
29.9314 1002.73
30.755 1000.68
29.5463 1006.41
30.2288 1002.48
29.9936 1002.19
30.4115 999.616
30.1782 997.487
30.4382 995.614
30.4584 1001.37
30.5394 1000.4
30.1297 997.983
29.9081 1001.43
30.0005 1002.58
29.9018 997.486
30.4754 999.326
31.0173 1004.6
29.8304 996.766
28.9357 999.58
30.23 1005.1
29.5515 1005.95
29.8271 1003.27
30.5753 1002.3
30.4327 998.226
29.7589 998.196
29.9202 1001.07
30.3798 1001.61
30.5411 1000.75
29.9623 996.023
29.8816 993.913
30.0323 1002.83
30.6069 1005.29
30.0831 1004.48
29.7168 997.899
30.3269 1000.21
30.4705 1002.32
30.7809 1001.67
30.0646 1003.03
30.3327 1004.25
29.9054 1009.58
30.2608 1001.1
29.4736 1000.8
30.0577 1000.12
30.7065 1000.02
30.0194 994.433
30.3135 999.959
30.3258 1001.3
29.7053 996.386
29.9341 1001.17
30.2986 995.661
30.3802 996.349
30.1239 999.417
30.1357 999.967
30.2296 996.607
29.5474 995.88
30.2356 1002.65
30.4597 997.391
30.5375 998.283
29.957 999.762
30.0821 994.541
30.3866 991.961
30.2227 996.296
30.1494 1000.53
30.2283 999.212
30.185 995.892
29.866 995.622
29.6614 999.61
29.6614 998
29.3895 996.233
29.8811 1000.64
29.5618 995.836
30.1397 990.885
29.4962 1001.33
29.9172 998.337
30.5626 997.016
30.2371 998.527
29.6791 999.192
29.2605 1001.64
30.7719 997.901
30.2894 1001.29
30.2159 1002.65
29.7315 1003.26
31.3047 997.795
30.638 990.03
29.5603 990.562
29.1944 996.416
30.6977 1004.86
29.7795 993.154
30.0057 1004.37
30.1795 998.635
29.1282 999.468
30.1391 994.413
30.8972 1001.71
29.629 997.973
30.1368 1003.89
30.0688 994.529
29.7268 1006.36
30.8589 998.481
30.2429 996.497
30.3235 1002.71
29.8416 996.166
30.3948 998.819
29.8129 998.977
29.9985 1001.33
29.8816 1009.32
29.987 997.361
29.5534 1002.38
29.9213 1005.15
29.7476 998.972
30.1468 999.531
29.8985 1000.97
30.1303 999.577
29.8631 1006.21
30.2237 990.159
29.4027 1004.76
29.7453 1010.03
29.9206 998.171
30.6659 998.098
29.6811 994.331
30.1041 995.784
29.7841 999.359
29.0463 1001.16
28.9098 996.151
30.0352 1001.68
30.3041 1001.7
29.9459 998.11
29.5568 999.854
29.5938 998.254
29.5659 998.811
30.289 997.427
29.8981 997.208
30.2047 1001.86
30.3499 997.484
29.1095 1005.67
29.8329 998.816
29.7429 993.963
29.4929 1003.52
29.6333 999.474
29.6489 1005.22
30.2553 1002.62
29.7027 995.834
28.6001 1000.15
30.367 996.447
30.1067 1006.02
30.1332 999.106
29.7664 999.84
29.9148 998.82
29.8426 1003.93
30.2625 1004.84
29.855 1004.6
29.8978 999.326
30.1888 1000.12
29.0141 993.114
30.0058 999.889
29.5463 996.463
29.939 999.881
30.6889 1004.34
30.1932 1003.19
29.7074 996.024
29.5482 998.309
30.089 1000.32
30.1187 999.465
29.3887 994.958
30.9416 1000.99
29.6221 999.259
29.4183 1004.44
29.9419 996.27
29.8079 996.69
30.0173 1004.14
29.434 993.593
30.2369 992.322
30.044 1002.45
29.7724 996.254
29.6693 996.221
30.2296 998.533
30.9293 1005.18
30.5372 997.928
30.344 992.816
30.1397 1003.25
29.7563 1006.33
29.711 1004.5
30.381 994.327
29.7081 997.416
29.5096 999.259
29.6072 994.258
30.3392 1001.48
29.8615 1005.38
29.5497 996.578
30.1184 1002.19
30.6972 997.65
29.6213 999.448
29.8509 998.251
29.9467 1002.15
29.8009 997.076
30.5202 993.473
30.0892 1004.89
30.7447 1005.02
30.3172 1001.11
30.6707 997.73
30.6162 1005.4
30.0299 996.115
30.255 1005.87
30.3948 997.914
29.8986 995.899
30.2769 1003.08
30.2931 1000.72
30.6214 1003.28
29.7494 1003.93
29.9081 998.614
30.1566 996.441
29.5406 1006.59
29.6742 1000.97
29.6517 996.429
30.0288 993.779
29.6544 1006.06
29.6709 997.148
30.5024 991.438
30.281 1002.83
29.85 1002.41
30.0225 1005.81
29.5677 1000.3
29.8385 1000.65
30.3724 995.786
29.8868 1001.32
30.2367 1004.88
30.4955 994.215
30.1348 996.513
31.4805 1001.84
30.0386 993.221
30.05 997.001
30.6818 1002.22
29.3603 997.483
29.6474 1004.45
29.9022 1000.54
30.1419 999.247
29.9405 1002.66
29.3639 999.246
30.5672 1001.65
30.3005 995.154
29.1662 1000.08
29.637 997.625
30.1247 1005.89
29.9554 1001.25
29.9269 997.69
29.2475 1001.06
29.7948 997.83
29.8233 995.746
29.7746 997.714
30.5049 997.84
29.9892 1003.19
29.7906 1003.63
30.3605 997.921
30.3153 1001.7
30.1779 1001.14
30.11 1003.81
29.8657 1000.93
29.9969 1000.08
29.6025 1005.74
29.4781 997.513
29.8987 998.571
30.2002 1001.88
29.7189 1002.44
29.7481 997.651
29.4263 998.2
29.8327 1001.27
29.7646 1003.16
30.0116 999.443
30.055 998.056
29.3817 999.046
30.2791 998.989
29.5799 1002.4
29.8515 1003.26
29.5128 999.495
30.2174 999.781
29.7532 998.444
29.5861 1002.69
29.9083 999.194
30.3554 998.092
29.4294 994.575
29.8343 1001.02
30.4446 994.313
30.3778 999.88
30.375 995.268
30.3731 994.068
29.4607 988.146
30.327 993.939
29.896 999.664
29.7137 1004.65
29.9139 1000.93
29.7962 1012.73
29.416 996.255
30.9154 1003.5
29.5666 1000.74
30.4771 997.496
29.6705 1004.29
29.3837 1001.79
29.3229 1003.85
29.7116 1002.55
30.2181 997.651
29.4393 991.057
29.951 1000.26
29.6208 999.387
29.9822 1008.39
30.1138 994.222
29.5638 997.004
30.2015 996.762
29.7464 1004.11
30.432 1006.98
29.6526 1005.32
30.2407 1002.99
29.6918 1007.12
30.0785 993.8
29.6617 1003.71
30.2815 999.538
30.155 999.674
29.9405 996.468
30.22 998.781
30.2848 999.085
30.3965 997.903
29.7977 995.561
29.6642 1001.14
30.3393 1002.39
29.6731 993.606
29.5755 999.124
30.2126 996.087
29.3437 994.69
29.8744 998.508
30.8275 992.455
29.6467 995.861
30.6297 999.754
30.5017 999.222
29.8963 999.761
30.0732 997.612
30.6587 996.732
29.3195 996.055
29.4598 990.971
30.1093 994.077
29.7561 998.379
29.4202 1003.08
29.9363 1002.33
30.1267 1003.68
29.9128 1003.98
30.1459 996.525
30.5758 1005.42
30.1745 997.957
29.8949 1003.41
29.6273 1002.58
29.6077 999.52
30.4149 1001.26
30.4426 993.596
29.5807 1001.49
29.9621 1004.91
30.2908 1002.44
30.2985 994.057
29.7866 1000.88
30.1736 991.614
30.652 1014.85
29.5761 996.301
30.3791 1002.09
30.2249 1006.96
29.9107 1002.88
29.8231 1001.87
29.7268 1000.44
29.2324 996.738
30.7819 1006.19
29.9745 1003.67
30.0754 997.678
29.9184 993.121
30.8901 999.564
30.3031 999.305
30.7528 1001.49
29.9355 999.617
29.4054 993.9
29.6437 996.338
30.1295 998.759
29.6809 1000.96
30.4779 1003.98
30.0813 997.913
30.0621 1006.37
29.2894 996.702
29.8667 995.596
30.32 1003.47
29.7847 1006.21
29.5301 993.402
29.388 1002.72
30.4971 1000.23
29.8841 1004.71
29.7806 1001.01
29.1936 993.301
30.5075 996.947
30.302 991.543
30.3666 1002.87
30.3096 998.26
30.7838 997.631
30.1781 999.063
29.9429 1004.1
29.6281 1002.64
30.6116 993.368
29.92 1001.28
29.6034 999.161
30.3601 1001.61
29.625 1008.72
30.0161 1001.57
30.6903 1007.23
29.5695 1006.25
29.4646 999.557
29.9223 989.682
30.2795 997.51
29.8456 996.853
30.3264 1001.12
29.5301 993.472
30.3456 1001.79
29.8074 1001.46
29.7414 1003.12
29.6993 995.078
29.6799 997.923
31.0696 1001.47
30.1971 1000.87
29.7501 997.447
30.0735 994.145
29.6435 1006.4
30.5779 997.26
30.5051 1002.56
30.7648 998.219
30.6429 999.519
30.4188 998.788
29.6624 1003.8
30.1243 998.454
29.9645 999.803
29.5371 995.108
29.9536 1002.21
30.0993 999.548
30.5874 996.263
29.9261 1007.77
30.1041 994.598
29.5065 988.641
30.3825 1001.72
30.07 1007.95
29.7255 1001.03
30.6731 1001.05
29.2158 999.741
30.7051 1008.73
30.7494 997.727
30.5697 1001.71
30.1749 998.375
29.6022 1003.03
29.885 997.129
30.1565 997.964
29.9904 1001.92
29.6011 1003.57
29.7565 1002.68
30.0108 998.568
29.616 1004.32
29.8101 994.709
29.932 1002.84
31.1923 998.707
30.737 998.094
29.8514 1003.76
29.595 1001.74
31.4061 1003.11
29.234 1006.9
29.6906 987.694
30.481 1000.57
29.6732 993.632
29.3571 998.522
29.7117 993.489
29.5796 1002.11
29.8061 1000.21
30.7204 995.064
29.8656 1001.82
30.0212 1005.88
30.5651 995.549
30.2591 992.619
30.8081 1009.48
30.6037 999.836
29.4534 1003.25
29.6128 998.593
29.3531 999.533
30.5485 1001.99
29.3279 1003.06
29.866 999.046
30.2695 1005.74
29.5806 1005.89
30.0183 1001.39
29.8945 1006.27
30.4533 1003.81
30.0822 997.8
30.571 996.851
29.8344 1004.05
30.182 999.02
29.706 996.146
29.6993 1004.47
30.1551 1003.36
29.8909 997.217
29.5663 992.519
29.9026 1001.19
30.0462 1002.16
30.0892 1000.2
29.5057 1003.29
29.5809 1000.23
30.1664 995.75
29.8999 1000.04
29.6632 1005.21
29.982 1000.59
30.4629 1000.64
30.7946 994.115
29.5134 1000.57
29.1138 995.977
29.7794 1004.83
30.1698 993.648
29.8361 999.703
29.9934 996.561
30.1857 1002.87
29.4918 999.914
29.5543 995.098
29.7815 990.702
29.5778 1005.46
29.8363 1001.27
30.0364 999.059
30.219 992.55
29.8745 992.897
29.7087 1000.72
30.3 1002.43
30.1148 1000.45
29.7965 997.934
29.8416 998.661
31.6745 999.41
29.6417 999
30.5299 1003.37
30.4818 995.244
30.0543 1004.07
30.3967 995.907
30.6531 1001.75
30.22 1002.61
30.2009 995.888
29.5082 999.334
30.3453 1007.27
29.7206 999.73
29.8479 998.43
30.4715 998.707
29.8702 992.562
30.5004 992.467
29.9955 999.301
30.1653 1001.66
29.895 996.389
29.7536 1007.13
29.5615 1002.22
29.6039 999.295
30.29 996.627
30.1966 994.483
28.7678 997.527
30.0049 1001.84
29.6673 1003.22
30.2539 999.035
30.1384 1000.11
30.2978 1006.03
29.9942 1000.81
29.7917 995.075
29.6565 999.508
29.6022 996.21
29.6596 1003.8
29.7033 998.377
29.8313 1004.66
30.0232 996.725
29.9004 996.787
29.3835 1003.45
30.2864 1003.14
29.9302 998.426
30.3041 1002.82
30.2837 1004.73
30.6183 997.326
30.2502 1007.22
30.2029 999.596
30.4058 1001.5
30.1286 1004.7
29.7391 1006.01
29.5064 1003.82
30.2305 1001.85
29.9589 1000.31
30.7958 1001.69
29.8612 996.467
29.7789 995.507
30.1583 995.964
29.8763 996.345
29.8421 994.845
29.9316 1003.09
30.1985 1001.4
29.6451 1007.34
30.0184 1000.41
29.9158 994.536
29.8469 991.286
29.3947 1005.63
30.0837 996.365
30.5513 1005.03
30.4743 1001.26
29.9687 1004.89
30.1502 998.855
29.6177 1004.17
29.5331 996.117
30.3754 995.358
29.4718 1004.6
30.1916 994.258
29.4424 1003.98
29.3824 993.752
29.1362 1003.62
29.595 994.256
30.1526 998.372
29.6535 998.153
29.7547 999.845
30.3663 996.665
29.9163 997.651
29.9564 1001.56
29.645 1006.46
30.091 1003.46
30.2228 1005.28
30.1436 1002.94
29.1925 1007.29
30.4932 1001.54
30.1698 995.735
29.601 999.668
29.8728 1002.67
29.4077 1001.77
29.6656 992.511
30.2243 1000.3
30.6576 1001.04
29.6025 998.367
30.0097 1000.86
29.7597 997.509
30.0565 1004.46
30.0968 1001.09
30.1198 1000.47
29.8967 1004.13
30.3311 996.301
29.7967 994.601
30.28 994.515
29.6902 999.131
29.606 999.501
30.4352 995.631
30.1296 1002.1
30.7109 1005.84
29.5563 998.243
29.7166 1005.67
29.9539 1002.41
30.6456 998.188
29.5961 999.626
30.5442 999.459
30.6966 1005.3
29.2241 1004.35
30.2925 1001.25
30.2373 1000.44
30.9678 999.483
29.9783 1004.58
30.5629 999.46
30.7264 989.126
29.3382 1000.16
30.6141 1003.28
29.5478 997.928
30.9266 1003.92
30.2447 998.799
29.8584 1000.27
30.5057 996.415
29.269 997.956
29.924 999.758
29.6885 1007.58
29.3899 1002.99
30.1755 1000.23
30.0942 1002.31
29.4389 999.034
29.7672 1003.92
30.5782 1000.15
30.4207 996.86
29.5107 998.151
30.0358 996.89
29.944 1003.4
29.7538 1000.99
29.8599 998.843
30.0439 1001.95
29.5726 995.183
29.3531 999.615
30.21 1007.04
29.372 1001.03
30.0384 995.732
30.3383 1006.92
29.3895 1006.31
30.0591 1002.05
30.4087 999.29
29.9078 1005.36
30.2743 999.099
30.3286 1000.04
30.2269 1002.35
29.8648 1003.28
28.9585 995.138
30.4303 999.469
29.8317 1001.77
29.7083 1003.07
30.2591 996.133
29.8538 1006.9
30.5071 999.456
30.2909 997.584
30.6873 996.715
29.8748 996.347
30.2109 1002.85
29.642 1002.18
29.2793 1002.77
30.3287 1003.97
29.9004 1000.18
29.5471 1003.49
30.22 992.511
29.8301 1002.03
30.2291 1009.86
30.2533 1006.01
29.9259 992.676
29.8197 994.087
29.996 999.928
29.8871 1000.51
30.0603 997.265
30.1544 1004.8
29.8535 1000.81
29.4912 987.714
29.5134 998.303
30.8299 1001.09
30.4924 993.422
29.4305 1002.49
30.0421 992.238
29.7679 1004.21
30.5723 993.739
29.8889 1002.1
30.5994 1000.1
29.8535 999.278
30.22 997.14
29.9122 998.362
29.3111 1003.18
30.0086 1002.2
30.5053 999.438
30.5605 997.953
31.1824 991.155
30.1059 996.503
29.8187 999.027
29.5393 1003.77
29.5238 998.487
30.662 1001.48
29.816 999.986
30.514 1000.07
30.3987 998.054
30.9003 994.162
30.2003 1003.64
29.8602 1004.23
30.4005 1003.12
30.4916 1002.76
30.2811 1004.55
30.1938 1002.77
29.3582 1003.86
29.1449 995.588
29.2214 996.991
29.8233 1001.78
30.1502 996.103
29.9 994.165
29.5536 996.41
29.5012 1000.61
29.9844 1000.35
29.8174 996.492
30.0589 1000.94
29.2449 992.018
29.5363 990.746
29.8964 1005.59
29.3686 1004.21
29.9356 998.974
30.1356 998.87
30.3002 995.894
29.5059 1000.99
29.9341 999.886
28.6466 996.201
30.077 995.751
30.3488 1001.88
29.527 1003.46
30.8812 998.411
31.1836 995.097
30.1094 995.859
30.7644 1003.54
30.4884 1002.01
29.8287 1003.63
30.6693 994.791
29.8434 998.616
30.5948 1003.1
29.9421 999.393
29.6545 997.015
29.9604 1000.39
29.7938 993.744
29.7734 1002.26
30.1141 999.642
30.3382 1002.42
30.7003 1003.92
29.7744 1000.86
30.6151 999.203
30.3295 1005.14
29.3523 995.203
30.6742 1001.68
29.8386 1002.23
29.7453 997.621
30.8011 996.023
30.5835 1004.78
29.8892 999.513
29.8831 996.688
30.0984 1000.14
30.0772 999.466
30.1651 997.903
29.7527 1001.33
30.0311 1000.05
29.4442 998.205
29.7541 998.25
29.8259 995.241
30.3772 1007.23
30.2468 999.714
30.5888 1005.06
30.0341 999.767
29.7892 1005.75
30.978 1004.54
30.649 997.827
29.8172 999.774
29.9724 998.401
29.6668 999.254
29.5385 996.301
29.7557 999.073
29.24 993.97
30.2684 998.84
29.9432 998.376
30.6294 1001.85
30.6095 999.567
30.0494 994.884
29.914 1003.97
29.8016 999.272
30.5031 1000.08
28.8994 1001.52
30.4192 999.93
30.2842 997.846
29.9221 1003.49
29.5309 995.582
29.4015 999.789
29.1288 999.562
30.1558 995.447
29.8856 999.41
30.135 999.623
29.9855 995.599
29.9891 999.786
29.8611 993.662
29.7702 996.825
29.7813 1003.03
30.1005 1005.51
29.445 1004.85
30.2139 998.071
29.824 1002.15
30.3547 996.988
30.461 1003.47
31.1595 995.619
30.0852 999.772
31.0513 991.687
29.7672 1007.86
30.4494 1001.65
29.4843 1002.41
30.3148 1002.49
29.9982 996.56
30.1616 1002.95
29.1253 999.763
30.3845 1003.84
30.2504 997.668
29.603 997.948
30.6489 1000.56
29.2659 995.206
30.1708 998.928
29.8539 999.421
29.8316 992.746
30.3161 1003.17
30.6296 995.008
30.4148 997.503
29.7979 998.168
28.9313 1002.01
29.5822 1000.62
30.6194 990.42
30.6571 997.81
30.0123 993.333
29.8471 999.2
29.6812 1007.89
30.4569 1003.71
29.4829 1000.74
30.0487 1002.61
30.0303 1003.55
30.9489 999.995
29.6374 992.31
30.1236 1004.11
30.3276 999.162
30.146 998.035
29.9514 1000.61
29.2293 998.347
29.6697 1000.54
30.0303 1000.87
29.9413 1002.48
29.9717 992.485
29.2938 1002.31
29.4285 997.636
29.7235 1003.06
29.6949 1003.81
30.1675 993.394
29.8916 999.18
29.9123 1002.54
29.6471 998.784
29.8928 1002.25
30.3642 996.836
30.0373 1000.96
30.3537 1001.25
30.2115 999.28
30.3087 999.672
29.4288 993.447
29.6034 1003.12
30.2699 994.718
30.9898 1000.65
29.0631 1003.14
29.9563 996.152
29.567 991.215
30.6761 998.799
29.7017 993.467
29.4662 997.99
30.4482 996.858
30.2751 1001.45
30.66 1002.78
29.8901 999.635
30.7823 1002.01
30.9398 1000.73
29.6452 997.829
29.6636 997.884
29.5648 995.611
30.5517 996.796
30.022 1000.01
30.3344 1000.2
30.3162 999.215
30.0384 1002.59
29.2201 1003.19
30.356 1000.25
29.3648 1003.75
29.8638 1002.28
29.9928 999.411
29.7267 998.564
30.384 1004.55
30.0787 1002.54
30.0621 1000.71
29.5637 1001.38
30.4437 1000.1
29.9224 998.144
29.6436 1004.49
29.8199 998.552
30.2371 998.151
29.919 1001.38
30.3154 990.722
29.3797 1000.23
29.6316 1003.06
29.9442 992.483
29.9693 999.056
30.0137 997.405
30.0275 994.488
29.6261 996.746
30.293 1004.34
29.754 990.457
29.7278 999.33
30.2318 997.264
30.5892 1005.05
29.1548 1002.69
30.345 993.874
29.9385 994.86
30.5764 1002.9
30.4604 994.804
30.8014 1002.1
29.3821 998.001
29.8288 1002.5
30.1808 991.469
30.3442 995.195
30.3106 1000.9
29.8812 998.566
30.3171 994.668
30.204 999.865
29.2999 998.085
29.2384 1001.31
30.6201 1003.05
30.3337 1005.03
30.2509 1000.96
29.8244 998.455
30.3006 1002.21
30.1653 1002.3
30.2226 999.103
30.3784 1003.07
30.4462 997.806
30.2086 1002.87
29.8327 999.928
30.1356 1001.61
29.6059 1003
30.4172 1004.28
30.3759 994.49
30.7744 1003.68
30.9457 1007.57
29.6131 1007.87
30.0279 1002.29
30.4377 998.263
30.2659 1003.09
30.0471 995.104
29.6174 996.905
29.5694 995.424
29.9181 1004.39
30.5495 1001.88
30.6959 993.121
30.1336 1001.35
30.8507 1002.54
29.527 1000.52
30.0194 1002.85
30.0661 996.326
30.0683 1003.63
30.4778 997.715
29.9656 992.499
30.6488 998.237
29.699 998.104
30.0865 1001.17
29.4066 995.071
29.9071 998.835
29.8795 999.187
29.2955 1006.65
30.127 1002.77
29.8543 1000.14
29.9841 999.192
30.2152 997.528
30.2864 1001.49
30.4176 999.811
29.6024 995.771
30.3716 1000.29
30.139 999.676
29.6443 997.82
29.9849 999.842
29.799 999.187
30.335 998.485
29.5436 1001.49
29.937 998.758
30.8795 1004.15
29.8894 992.794
29.5243 997.782
30.115 991.646
30.0474 993.735
29.969 1000.89
29.8283 999.845
29.9561 992.347
29.9172 1007.32
29.7325 1002.31
29.9757 999.855
29.6084 998.314
29.3827 999.481
29.6567 1000.38
30.2609 998.778
30.4119 1005.4
29.5488 1004.17
29.4784 997.598
29.8336 999.977
30.1691 1005.4
29.9341 1002.36
29.9943 997.054
30.0991 1000.66
30.5631 996.171
29.7085 994.78
30.3749 1007.06
29.9873 1000.98
31.202 998.623
29.9464 1002.18
30.4251 1004.77
30.502 1001.73
31.1512 1001.35
30.7907 1001.25
30.2567 1009.45
30.0117 1000.15
29.6428 996.767
30.3426 996.848
30.6482 1002.98
29.9176 996.661
30.4873 997.738
29.3448 995.447
30.0245 1002.53
29.9239 999.253
30.4733 999.461
30.5217 1005.99
30.3293 1003.77
29.8718 1006.21
30.1734 993.892
30.272 999.531
29.7807 998.504
30.1679 1000.24
30.0926 996.953
29.8201 1002.3
30.1748 1001.14
30.0754 996.343
30.2732 1002.54
29.4502 998.288
30.4088 1003.3
30.5174 997.541
29.7676 1011.73
30.6007 999.348
30.2107 999.224
30.2839 991.985
29.2025 992.5
29.6957 1003.88
30.3919 1001.75
29.9916 1001.63
29.9666 996.607
30.2196 997.6
30.1956 1001.89
29.4061 1000.32
30.1324 1008.03
29.4806 1004.85
30.1903 995.786
30.249 1002.68
30.1943 1000.72
30.1545 993.382
29.5844 996.143
29.4997 1009.29
30.415 999.692
29.8151 998.811
29.3696 998.722
30.1609 1008.46
30.3375 1000.86
29.8596 998.128
29.2808 993.341
29.4682 996.571
29.2768 998.776
30.571 995.823
29.3434 997.748
30.0695 1010.49
30.1991 1002.58
30.0848 996.428
29.773 1002.85
29.606 996.621
29.8733 999.138
30.571 1004.36
30.0785 1003.32
30.6357 1004.23
30.0026 997.628
29.208 998.495
30.7823 998.041
30.2771 1004.35
29.8416 996.47
29.7633 1007.08
29.6334 1005.62
29.8921 1004.51
30.5694 1000.4
29.5174 1005.68
29.8145 1003.23
30.6147 1006.21
29.0172 1002.33
29.4275 996.73
30.0143 1000.88
29.5091 1000.5
30.5348 999.557
30.2739 1003.22
29.7241 996.705
30.135 999.689
30.0737 1001.05
30.0685 1005.27
29.9704 1006.15
29.6827 1004
30.1392 999.981
30.2159 994.156
30.2874 999.711
30.1892 996.004
30.2617 994.978
30.1028 1002.5
29.9149 998.574
29.8359 998.453
29.833 1004.16
29.9268 1000.13
29.6376 1002.92
30.5722 998.678
29.6242 997.943
30.3577 1005.09
30.2038 998.556
30.2856 1005.24
30.2637 1000.57
29.901 995.465
29.9942 999.233
30.1299 1001.29
29.6329 999.398
31.0099 1009.24
30.1178 997.124
30.2137 1004.31
29.2811 994.146
29.6071 1002.09
29.872 1002.34
29.6663 1002.61
30.2329 995.046
30.0955 1000.5
30.0306 1010.96
29.7391 1000.17
30.0202 996.569
30.0339 995.906
30.207 998.921
29.5936 1002.18
29.8502 1001.74
29.7701 998.954
30.2579 1004.1
29.6454 1000.53
29.6927 996.716
30.3121 1005.24
30.1302 997.408
30.662 1004.12
30.2218 1000.28
29.8859 1010.95
30.2369 1002.45
29.9987 1002.1
29.5064 992.055
30.8262 992.72
30.708 1005.65
29.5518 1003.5
29.9929 994.831
30.3872 999.953
30.5273 998.962
29.6574 1003.56
29.6396 996.887
29.7316 994.442
30.1165 996.207
30.2471 997.199
30.2175 1001.4
29.6971 1000.06
30.3141 999.984
29.7419 999.996
30.5612 1000.84
29.7607 997.071
30.3391 1004.37
29.7662 1004.81
30.6818 1003.63
30.3416 1008.09
30.0808 996.656
29.4111 999.9
30.4106 998.604
29.7 1003.45
29.9192 1002.45
30.1813 993.402
29.7298 998.139
29.9118 998.571
30.0333 996.584
30.095 1000.89
30.0554 1000.5
30.0163 1001.16
29.6013 995.389
30.1372 1000.68
29.9446 1001.02
30.1309 1000.15
29.8841 1007.12
30.3674 1004.43
30.06 1000.73
30.7111 992.658
30.6924 1003.25
29.8925 995.233
30.1324 1004.52
30.6796 992.275
30.7805 998.101
29.293 997.399
30.049 1001.07
30.7846 996.955
30.4963 998.414
30.0904 999.463
30.3375 994.104
29.3927 996.431
28.895 1001.31
30.671 1000.9
29.5595 997.506
29.0877 999.084
30.231 1000.39
29.7448 1001.3
30.0515 1003.92
28.8893 1001.13
29.2789 1004.51
29.3362 1001.31
30.3853 1001.77
29.1895 996.655
29.5687 998.08
30.9561 1002.53
30.1669 1003.96
29.9805 1005.11
30.0249 1003.48
29.6818 995.509
29.7858 998.434
29.8869 995.357
29.4437 1004.24
30.4101 1003.07
30.0922 1002.53
29.9013 997.898
29.3094 1003.79
29.3179 995.555
30.1461 994.519
31.0264 995.089
29.4777 1005.73
30.4442 991.185
30.7847 1000.63
29.7547 1003.51
30.5844 995.751
29.515 993.822
30.3585 999.02
29.2025 998.429
30.5131 990.701
30.5015 997.415
30.0119 996.948
29.6496 1004.31
30.5335 1002.73
29.2004 1001.19
29.8144 1001.59
30.1438 1010.4
30.5932 997.232
30.1203 996.712
29.7119 992.282
30.2993 995.139
30.8968 996.256
30.1975 1002.08
30.0556 1000.77
30.2727 992.947
30.195 990.824
30.4413 999.413
29.649 1000.57
30.5027 993.004
30.0658 1007.38
30.1141 1003.18
30.1611 999.365
30.6561 1007.18
30.7242 999.118
29.8947 1005.75
30.6397 997.403
30.2996 1002.83
29.7913 1001.84
29.9544 997.818
30.2912 997.94
30.5775 999.689
29.8535 1004.69
30.439 1003.4
30.2213 1003.83
29.9515 993.572
29.1511 998.7
30.2123 998.159
30.7123 998.723
29.5593 995.022
29.1524 996.227
29.7995 1003.01
29.6862 998.535
29.0489 1000.6
30.2474 1001.05
30.2742 1003.02
30.0829 1000.32
29.7241 1001.84
29.5365 999.635
29.7274 1003.85
29.6956 1001.25
30.1742 999.148
29.1644 1006.5
29.9553 1000.25
30.5323 1004.39
30.3255 991.688
30.4238 996.048
29.6178 996.434
30.0033 994.306
29.7244 1001.37
29.942 999.054
30.2648 996.063
29.375 995.732
30.2442 996.7
29.8541 998.218
30.3191 998.897
29.6567 1001.26
30.1641 1001.2
30.0708 998.199
29.9309 990.22
29.6601 999.623
29.6431 1002.39
29.853 1000.43
29.819 1001.05
29.4586 999.515
29.9613 1008.63
29.6432 999.956
30.5779 1008.22
29.4845 1003.98
30.1634 997.729
29.8125 996.658
29.7782 1001.72
29.8937 999.065
29.9746 999.02
29.8234 997.335
29.7673 995.114
29.7016 1002.84
30.9095 999.256
29.7807 999.259
29.8471 1001.5
30.0686 1007.86
29.3104 1000.05
29.8763 1001.55
30.1017 997.648
31.0509 1000.42
30.2791 1006.08
30.0781 995.092
29.8272 999.794
29.6381 1001.99
30.1624 995.951
29.8589 999.843
29.7446 1001.21
30.1635 1003.35
29.7171 1002.87
30.2497 1002.03
30.1013 997.964
29.2425 998.578
29.4035 1001.4
30.2124 1003.2
29.9658 1000.81
29.6569 997.053
30.8669 992.632
30.6047 1002.38
30.2828 1007.96
29.5487 999.174
29.509 999.25
30.2664 1002.52
30.0184 996.106
29.2486 1002.23
29.321 998.661
30.1702 1003.5
29.5885 1003.5
29.8723 994.923
30.1498 1005.29
29.9259 997.42
29.8196 997.528
30.5586 994.061
30.1066 1004.64
30.84 997.938
29.7662 1006.41
29.7898 1001.49
29.9314 1003.15
29.8164 1000.64
30.0653 1005.24
30.7885 1002.38
30.0365 1004.64
29.8895 996.687
29.6182 996.034
30.5219 1002.88
30.3911 1001.68
29.4368 1001.13
29.3852 1002.25
30.1312 996.238
30.5112 994.749
30.2317 998.021
30.2513 1001.7
29.5022 999.71
30.0937 1001.52
29.6804 998.148
30.4155 996.119
29.6492 996.574
29.7388 997.673
30.9103 1007.59
30.1454 1004.57
29.6924 994.383
28.9175 998.963
30.4564 998.757
30.8673 997.073
30.2933 997.415
30.1275 994.23
28.993 1000.47
29.5632 996.336
29.6205 992.387
30.0479 1001.59
30.0413 999.651
30.059 1004.63
29.5655 997.617
30.3521 998.184
29.7619 1002.67
30.205 1000.65
30.0466 982.754
30.5277 998.835
30.5961 1005.43
30.0388 996.735
29.2348 990.98
29.9672 998.075
30.1415 1003.14
30.0221 1001.94
30.3681 1001.27
30.1258 999.19
29.7095 996.167
30.5006 1001.4
30.7896 999.97
29.9064 990.984
30.5221 1001.74
29.4505 1003.18
30.3003 1000.57
29.8706 1003.01
28.8323 999.854
30.3393 995.204
29.7074 994.44
30.156 998.785
29.9334 1003.31
29.6945 1002.76
29.3274 1004.47
29.2697 1010.15
29.9993 995.052
30.0029 999.907
29.7676 996.596
29.1885 1004.99
29.896 998.328
30.1155 1002.23
30.7964 996.563
29.1223 997.897
30.4805 1002.13
29.64 1004.33
29.5064 997.001
29.4173 1001.56
29.7748 1002.79
29.9257 1005.56
30.255 990.365
29.74 1004.09
29.863 1006.11
29.6067 998.387
29.6794 996.364
30.1077 995.371
29.3421 1004.89
28.7074 1003.38
30.5027 999.651
30.3062 1003.7
30.9951 998.592
30.4522 995.389
29.7365 1004.47
29.4148 1001.69
29.5788 1000.52
29.3441 998.588
30.3319 1002.66
29.7019 994.402
31.0296 1002.53
29.6472 998.753
29.6881 1001.82
30.7266 999.065
30.5227 994.489
29.2439 997.139
29.9983 1000.3
29.8242 1001.29
30.1677 1003.87
30.0502 997.548
29.7353 1004.52
29.7019 999.5
30.2194 999.61
29.8948 1002.97
30.4835 1007.89
30.357 991.227
30.7386 992.878
29.9056 996.019
30.1385 999.111
30.4803 993.738
30.4781 1005.01
29.8375 1001.69
29.2944 996.081
30.3094 1002.02
29.6795 995.795
30.2533 1000.78
30.7573 1004.08
30.0438 992.551
29.5938 997.707
30.4966 997.127
30.3341 998.9
29.5932 1003.84
29.724 1004.14
29.4965 999.609
29.0685 998.792
30.2486 998.273
30.5389 999.564
29.7125 1000.09
30.4227 1001.1
30.5638 996.932
30.2274 1000.36
29.4144 995.768
30.6468 999.472
30.2907 996.014
30.6671 1003.08
30.489 997.747
30.208 1000.94
29.7912 1005.92
28.9776 991.601
30.1883 1001.56
30.0356 997.783
29.6165 993.753
